Stdnt Id Ex -------- Assignment --------- Tot  Mi Fin CL Pts Pct Gr
-------- -- ----------------------------- --- --- --- -- --- --- -- 
77997913 38 19 16 16 16 20 20 16 20 16 16 159  56  60  3 316  79 C+
87969978 30 20 11 14 19 11 13 14  8 19 10 131  60  77  7 305  76 C+
81564051 21 14 12 11 18  9 17 11 15  9 20 127  76  90  6 320  80 B-
25744204 37 18 16 19 14 16 13 16 15 17 20 151  68  74  8 338  85 B
53057551 24  9 12 15 10 15 11 20 16 17 20 136  22  62  8 252  63 D
49778442 31  9  8  6  7 20 10 16  7 16  5  99  79  45 10 264  66 D
01234567 17 19 18 15 19 14 14 17 15 16 20 153  37  65  5 277  69 C-
34664035 38 20  7 15 20 17 15 16 16 16  5 142  34  83  9 306  77 C+
50077769 28 10 20 13 17 20 13 18 19 11 18 149  55  99  6 337  84 B
94439268 39 17 18 17 17  7 19 10 20 18 14 150  77  82  5 353  88 B+
75809789 16 17  6  9 16  8 10 17 19 15 19 130  60  68  7 281  70 C-
93888835 21 19 20  7 16 18 19 14  8 14 18 146  55  83  9 314  79 C+
77126205 29 18 16 18 19 15 16 18 20 20 19 164  51  53 10 307  77 C+
95209093 24 16 18 12 16 18 19 10 16 20  7 145  78  74  5 326  82 B-
82409983 34 13 18 19  5 10 16  6  7 19 16 124  22  42  1 223  56 F
99219262 28 19 17 18 15  7  4 14 18 16 18 142  25  88  8 291  73 C
45809717 32 19 14 14 20 20 19 18 17 14 17 158  50  55 10 305  76 C+
90299943 28 20 16 13 15  1 14 12 12  5 16 123  47  77  7 282  71 C-
76629944 26  5 20 20 14 18 16 11  5 19 12 135  77  92  8 338  85 B
49944436 35 13 20 13 12 17 16 16 18 18  6 143  50  68  5 301  75 C
91396740 40 17 19  9 15 20 16 12 18 15 20 152  27  98  4 321  80 B-
99926844 16 17 20  7  2 16  4 16 14 11 17 122  58  83  4 283  71 C-
83582695 39 17 20 19 20 14 20 19 13 18 17 164  34  63  7 307  77 C+
86575634 30 18 17 14 19  9 13 16  9 18 17 141  78  61 10 320  80 B-
74536060 24 18 15 18 16 12 14 13 16 11 17 139  76  30  8 277  69 C-
75927432 19 17 17 16 15 18 15 12  5 17 10 137  74  72 10 312  78 C+
96618874 27  6 14 14 19 15 20 20 20 14 20 156  77  98  9 367  92 A-
82679771 34 11 10 19 17 20 14 16 18  4 15 140  55  52  6 287  72 C-
47715766 37 20 19  9 19 15 16 16  7 19 18 151  62  95 10 355  89 B+
84855076 38 20 15 17 16 11  6 19 20 20 15 153  60  94  8 353  88 B+
91767175 34 16 11 18 14 18 19 11 16 14 20 146  69  47  5 301  75 C
77637878 30 17 16 20 11 15 18 13  8 19  8 137  66  71  7 311  78 C+
54945864 16 11  9 15 11 13 17 16  8  8 19 119  61  66  9 271  68 D+
62946127 22 19 14 19 20 20 19 20 20 20 14 171  63  97  8 361  90 A-
91659955 39 18  5 18 13 19 18 10 20 13 17 146  76  79 10 350  88 B+
31904387 26 16 14 10 19  7 11 13 18 15 10 126  44  40  7 243  61 D-
97467762 34 13 20 16 14 18 13 19 16 11 18 147  80  81 10 352  88 B+
87623194 40 15 17 16 18 19 18 19 19 17  6 158  57  71  8 334  84 B
91644504 29 13 14  9 19 15 20 20 18 12 17 148  75  72  8 332  83 B
92199190 39 20  4 10  6 14 14 17 14 19 15 129  78  31  9 286  72 C-
62413521 17 18 20 17 15  8 12 17 13 15 19 146  67  90  7 327  82 B-
81169639 35 20 17 17 15 19 17 11 13 17 16 151  66  96  7 355  89 B+
77899606 10 16 11 15 12 17 16 12 11  3 10 120  78  44 10 262  66 D
29469155 36 19 17 19 14 18 16  8 16 16  5 143  68  68  1 316  79 C+
54394937 32 19 20 16 11 19 19 17 13 14 10 148  78  93  8 359  90 A-
98139730 37 19 10 11 20 17 17 20 16  9 18 148  60  79  8 332  83 B
76543210 29  3 10 10 10 15 10 15 10 15 10 105  50  71  0 255  64 D
76543211 19  0 15 10 10 15 10 15 10 15 10 110  50  70  0 249  62 D
87654321 37 20 19 20 19 20 19 20 19 20 19 176  78  98  9 398 100 A+
97526730 34  6 13 20 17 20 13 17 19  7  9 135  79  87  8 343  86 B
97526730 34  6 13 20 17 20 13 17 19  7  9 135  79  87  8 343  86 B
